983.5 5382.2 371
824.2 5575.3 371
605.5 5575.5 370
497.5 5718.3 368
516.3 5897.4 364
355.1 6138.1 358
285.9 6127.4 358
213.5 6100.5 358
-221.6 6100.7 358
-264.6 6019.4 360
-297.9 5816.4 366
-421.5 5871.9 367
-374.0 6012.7 361
-453.1 6101.2 360
-536.9 6071.1 363
-537.4 6000.8 365
-620.9 6001.5 367
-784.0 6185.4 365
-817.1 6063.3 369
-817.8 5685.4 375
-819.3 4835.2 372
-529.7 4730.9 375
-497.3 4777.9 375
-497.3 4884.0 375
-496.1 5014.6 375
-414.4 5056.2 375
-222.5 4944.1 374
-223.4 4834.8 374
-586.4 4834.7 375
-732.7 4962.2 376
-705.4 5204.9 376
-269.4 5151.9 374
-218.7 5271.0 373
-163.9 5404.6 372
75.0 5587.0 367.2